-1 0 0 0 0 0 0 0 
72 189 
-1 0 0 0 0 0 0 0 1 0 0 0 0 1 0 0 
234 295 
-1 0 0 0 0 0 0 1 0 0 0 1 0 0 0 0 1 1 0 0 0 0 0 0 1 0 0 1 0 0 0 0 
441 698 
-1 0 0 0 0 1 0 0 0 0 0 0 0 0 0 1 2 1 0 0 0 1 2 0 0 1 0 0 1 0 0 0 1 0 0 0 0 1 2 0 0 0 0 0 0 0 0 1 2 1 0 0 0 0 0 0 0 0 0 0 0 1 2 0 
928 1908 
-1 0 1 0 0 0 1 0 0 1 0 0 0 0 1 2 3 1 2 0 0 1 0 0 0 0 0 1 2 0 0 0 0 1 2 3 1 0 0 0 1 0 0 0 0 0 1 2 3 1 2 0 0 0 0 0 0 0 0 0 0 0 0 0 0 0 0 1 2 3 1 0 0 0 0 0 0 0 0 1 0 0 0 0 0 0 0 1 2 3 0 0 0 0 0 0 0 0 1 2 0 0 0 0 0 0 0 0 1 0 0 0 0 1 2 0 0 0 0 0 1 0 0 0 0 0 0 0 
1124 2727 
